0 0.213998265625 0.43192450937500004 0.076521078125 0.4938476984375 0.197929478125 0.52401541875 0.2809514359375 0.49702325625 0.213998265625 0.43192450937500004
0 0.014031420312500001 0.4049324078125 0.075628384375 0.34142146875 0.01938769375 0.35412364531249996 0.0015335156250000002 0.3890546734375 0.014031420312500001 0.4049324078125
0 0.2595264078125 0.37635243749999997 0.20892855 0.3873015890625 0.280058671875 0.40969571718750003 0.3282649671875 0.379527996875 0.2595264078125 0.37635243749999997
0 0.319337878125 0.29855157499999996 0.21897319375 0.31587301874999996 0.303269159375 0.33030704375000003 0.3639733234375 0.3017271328125 0.319337878125 0.29855157499999996
0 0.5675109843749999 0.593877415625 0.5853651640625 0.63992286875 0.6567818765625 0.64151061875 0.62732245625 0.5748241203125 0.5675109843749999 0.593877415625
0 0.951375821875 0.5462442109375 0.9960112671875001 0.5224276078125001 0.9977966578125 0.47796996406250003 0.9745863078125 0.4414511859375 0.8138987015625 0.40810790625 0.70892855 0.42896825625 0.7174861109374999 0.43351231874999996 0.7165933484375 0.430336759375 0.951375821875 0.5462442109375
0 0.9960112671875001 0.7177237328125 0.90316959375 0.67644176875 0.8130059390625 0.692319503125 0.88620804375 0.78282248125 0.987084178125 0.792349096875 0.9960112671875001 0.7177237328125
0 0.56049105 0.39325396874999996 0.60411210625 0.3906424234375 0.5675109843749999 0.37000138125 0.56049105 0.39325396874999996
0 0.5710818343749999 0.360474703125 0.5603692875 0.3366581015625 0.5426339078125 0.35555555625 0.5710818343749999 0.360474703125
0 0.6130391953125 0.244567253125 0.6112536671875 0.242979503125 0.6353569171875 0.26838385468750003 0.684455909375 0.2604449875 0.6424984796875 0.23980394375 0.6130391953125 0.244567253125
0 0.4702056984375 0.333482603125 0.47466924375 0.30807819062499997 0.4131696234375 0.3218253984375 0.4702056984375 0.333482603125