0 0.0095678765625 0.735189278125 0.0024553375 0.8496031765625001 0.1765044515625 0.8209290687499999 0.189895084375 0.7510670125 0.119371065625 0.728838159375 0.0095678765625 0.735189278125
0 0.0024553375 0.7166666687500001 0.0943752578125 0.7081972375000001 0.11312213125 0.624045134375 0.01938769375 0.5986407234375 0.0024553375 0.7166666687500001
0 0.327372271875 0.4938476984375 0.2398867703125 0.4795577125 0.119371065625 0.5303664765625 0.10959819374999999 0.5400793671875 0.1747190609375 0.5700608125 0.2559555578125 0.5668852546875 0.35772438906250004 0.5446564609375 0.327372271875 0.4938476984375
0 0.39642855 0.3873015890625 0.42378486249999997 0.41128346718750003 0.48448902812499994 0.3969935421875 0.452351521875 0.379527996875 0.39642855 0.3873015890625
0 0.1640065125 0.39381798125 0.14866069375 0.4111111125 0.2363159890625 0.42874901093749995 0.3452264515625 0.3906424234375 0.29612746093750003 0.365238071875 0.1640065125 0.39381798125
0 0.102901765625 0.32380952500000004 0.1845388453125 0.35253583593750004 0.2148909609375 0.3128414984375 0.1524013375 0.3096660015625 0.102901765625 0.32380952500000004
0 0.671065275 0.5001988171875 0.621073521875 0.48432108124999995 0.602901765625 0.5222222234375 0.61214643125 0.535129784375 0.6353569171875 0.535129784375 0.671065275 0.5001988171875
0 0.571651765625 0.44087301874999996 0.5960776437499999 0.4652677890625 0.6326787640625 0.44621449375 0.5960776437499999 0.4414511859375 0.571651765625 0.44087301874999996
0 0.9433414953125 0.5160765515625 0.8728174093750001 0.5303664765625 0.8283481937499999 0.5777777796875 0.9085257656250001 0.6430984296875 0.9986894218750001 0.714548234375 0.9960112671875001 0.533542034375 0.9433414953125 0.5160765515625
0 0.8149553359375 0.448809525 0.8844226531249999 0.468443346875 0.9120966828125001 0.436687878125 0.8683538640625 0.42239789375000003 0.8149553359375 0.448809525
0 0.63303569375 0.25436508125 0.6728506656250001 0.30807819062499997 0.73712568125 0.3017271328125 0.677314209375 0.25250611875 0.63303569375 0.25436508125